FB-Njet-Binning  5  3.5 4.5 5.5 6.5 8.5 20.0
FB-Nb-Binning    4   -0.5  0.5  1.5  2.5  20.0
FB-MHT-Binning   4   200  300  500  750  20000
FB-HT-Binning    3   500  800  1200  20000
N-fine-bins 240
FB-Njet1-Nb0-MHT1-HT1    1.035  0.014     0.705  0.010     2076.920   1484.810  10046.215   1891.559         0.001      0.000      0.000      0.000
FB-Njet1-Nb0-MHT1-HT2    1.035  0.026     0.701  0.015      674.579    245.323   9135.190    532.379         0.012      0.001      0.004      0.000
FB-Njet1-Nb0-MHT1-HT3    1.143  0.060     0.724  0.028      217.274     49.954   4547.257    138.799         0.077      0.001      0.045      0.000
FB-Njet1-Nb0-MHT2-HT1    0.964  0.017     0.661  0.013      790.054    794.679   1375.854    839.613         0.008      0.001      0.003      0.000
FB-Njet1-Nb0-MHT2-HT2    0.963  0.030     0.621  0.015      179.188    151.462   1714.102    392.467         0.049      0.000      0.012      0.000
FB-Njet1-Nb0-MHT2-HT3    0.961  0.061     0.641  0.029       53.612     32.182   1395.282    117.806         0.250      0.000      0.096      0.001
FB-Njet1-Nb0-MHT3-HT1    1.148  0.052     0.597  0.039       83.121     72.314     32.323     44.317         0.013      0.000      0.000      0.000
FB-Njet1-Nb0-MHT3-HT2    0.902  0.047     0.561  0.023       49.567     54.219    103.468    119.838         0.073      0.000      0.005      0.000
FB-Njet1-Nb0-MHT3-HT3    0.862  0.093     0.584  0.041       12.003     11.737    166.008     47.912         0.255      0.001      0.085      0.000
FB-Njet1-Nb0-MHT4-HT1    1.000  1.000     1.000  1.000        0.000      0.000      0.000      0.000         0.000      0.000      0.000      0.000
FB-Njet1-Nb0-MHT4-HT2    1.109  0.130     0.618  0.077        9.642      8.650      8.260     11.729         0.032      0.000      0.001      0.000
FB-Njet1-Nb0-MHT4-HT3    0.750  0.108     0.623  0.062        5.647      6.326     71.509     21.696         0.258      0.000      0.034      0.000
FB-Njet1-Nb1-MHT1-HT1    1.141  0.029     0.920  0.023      986.421    690.130   3972.292    834.174         0.015      0.000      0.004      0.000
FB-Njet1-Nb1-MHT1-HT2    1.184  0.070     0.870  0.038      300.588     95.286   4140.768    264.820         0.069      0.000      0.020      0.000
FB-Njet1-Nb1-MHT1-HT3    1.229  0.153     0.924  0.076       92.531     18.748   1985.176     70.202         0.360      0.000      0.162      0.000
FB-Njet1-Nb1-MHT2-HT1    1.276  0.048     0.866  0.037      357.301    276.250    403.525    272.936         0.055      0.001      0.013      0.000
FB-Njet1-Nb1-MHT2-HT2    1.188  0.094     0.763  0.042       77.412     52.839    767.189    170.143         0.197      0.000      0.036      0.000
FB-Njet1-Nb1-MHT2-HT3    1.012  0.173     0.771  0.071       20.429     10.642    557.451     60.024         0.982      0.001      0.344      0.005
FB-Njet1-Nb1-MHT3-HT1    1.445  0.174     0.909  0.163       26.917     18.607      9.261     10.188         0.031      0.000      0.003      0.000
FB-Njet1-Nb1-MHT3-HT2    1.193  0.172     0.871  0.099       16.388     13.363     40.237     29.280         0.212      0.000      0.042      0.000
FB-Njet1-Nb1-MHT3-HT3    0.628  0.177     0.939  0.146        3.940      3.547     67.270     18.143         1.121      0.001      0.289      0.000
FB-Njet1-Nb1-MHT4-HT1    1.000  1.000     1.000  1.000        0.000      0.000      0.000      0.000         0.000      0.000      0.000      0.000
FB-Njet1-Nb1-MHT4-HT2    2.710  0.770     0.715  0.259        3.731      1.313      1.876      2.623         0.173      0.000      0.001      0.000
FB-Njet1-Nb1-MHT4-HT3    0.977  0.387     0.850  0.205        3.002      1.837     15.557      5.661         1.089      0.000      0.148      0.000
FB-Njet1-Nb2-MHT1-HT1    1.325  0.059     1.153  0.050      409.727    262.049   1356.688    301.177         0.030      0.000      0.009      0.000
FB-Njet1-Nb2-MHT1-HT2    1.351  0.165     0.963  0.071       83.724     32.163    943.828    111.169         0.097      0.001      0.040      0.001
FB-Njet1-Nb2-MHT1-HT3    1.591  0.495     1.256  0.203       20.060      4.288    380.668     19.676         0.433      0.001      0.225      0.000
FB-Njet1-Nb2-MHT2-HT1    1.470  0.108     1.219  0.101      138.047     88.527    358.639     75.611         0.072      0.000      0.013      0.000
FB-Njet1-Nb2-MHT2-HT2    1.376  0.244     1.001  0.095       22.925     14.804    163.862     65.754         0.335      0.001      0.063      0.000
FB-Njet1-Nb2-MHT2-HT3    0.840  0.305     1.011  0.186        6.811      4.592    120.168     16.725         1.209      0.003      0.443      0.001
FB-Njet1-Nb2-MHT3-HT1    1.632  0.490     1.131  0.449        6.238      3.793      3.345      2.955         0.046      0.000      0.003      0.000
FB-Njet1-Nb2-MHT3-HT2    0.981  0.325     0.900  0.211        5.626      4.645     50.631     10.342         0.420      0.000      0.046      0.000
FB-Njet1-Nb2-MHT3-HT3    1.560  1.092     1.336  0.418        2.946      0.838     14.171      4.781         1.555      0.003      0.393      0.004
FB-Njet1-Nb2-MHT4-HT1    1.000  1.000     1.000  1.000        0.000      0.000      0.000      0.000         0.000      0.000      0.000      0.000
FB-Njet1-Nb2-MHT4-HT2    3.081  1.671     2.000  1.414        1.822      0.505      0.311      0.153         0.266      0.000      0.008      0.001
FB-Njet1-Nb2-MHT4-HT3    3.509  2.411     1.915  1.258        2.444      0.254      2.790      0.924         1.549      0.001      0.206      0.000
FB-Njet1-Nb3-MHT1-HT1    1.892  0.272     1.424  0.194       57.168     22.414    277.487     28.008         0.018      0.000      0.007      0.000
FB-Njet1-Nb3-MHT1-HT2    1.681  0.810     1.927  0.452       11.346      1.937    183.076      8.525         0.093      0.000      0.028      0.000
FB-Njet1-Nb3-MHT1-HT3    1.428  1.232     1.551  0.679        2.747      0.729     42.880      2.471         0.306      0.001      0.119      0.001
FB-Njet1-Nb3-MHT2-HT1    1.847  0.482     1.455  0.367       14.275      6.829     65.910      8.006         0.076      0.000      0.004      0.001
FB-Njet1-Nb3-MHT2-HT2    0.849  0.617     0.778  0.231        2.224      1.105     49.090      7.759         0.314      0.003      0.063      0.001
FB-Njet1-Nb3-MHT2-HT3    1.457  1.552     1.034  0.629        1.845      0.461     25.036      1.469         0.779      0.000      0.265      0.000
FB-Njet1-Nb3-MHT3-HT1    2.000  1.732     1.000  1.000        0.234      0.101      0.000      0.000         0.032      0.000      0.000      0.000
FB-Njet1-Nb3-MHT3-HT2    0.275  0.309     2.000  2.139        0.457      0.367      1.614      0.367         0.343      0.000      0.032      0.000
FB-Njet1-Nb3-MHT3-HT3    0.000  1.000     0.720  0.631        1.066      0.358      5.747      0.952         1.009      0.003      0.252      0.001
FB-Njet1-Nb3-MHT4-HT1    1.000  1.000     1.000  1.000        0.000      0.000      0.000      0.000         0.000      0.000      0.000      0.000
FB-Njet1-Nb3-MHT4-HT2    0.195  0.276     1.000  1.000        0.276      0.259      0.001      0.000         0.225      0.000      0.001      0.000
FB-Njet1-Nb3-MHT4-HT3    1.000  1.000     1.000  1.000        1.185      0.001      0.526      0.000         1.181      0.001      0.148      0.000
FB-Njet2-Nb0-MHT1-HT1    0.915  0.016     0.717  0.015     1386.173   1173.568   4152.961    941.658         0.003      0.000      0.001      0.000
FB-Njet2-Nb0-MHT1-HT2    0.907  0.027     0.681  0.019      582.972    246.604   5431.214    397.192         0.009      0.000      0.003      0.000
FB-Njet2-Nb0-MHT1-HT3    1.023  0.057     0.726  0.036      214.941     55.015   3122.579    117.283         0.121      0.000      0.049      0.000
FB-Njet2-Nb0-MHT2-HT1    0.918  0.023     0.684  0.024      446.373    472.270    500.896    288.101         0.007      0.000      0.000      0.000
FB-Njet2-Nb0-MHT2-HT2    0.880  0.031     0.612  0.021      153.617    148.619    839.255    236.579         0.035      0.000      0.009      0.000
FB-Njet2-Nb0-MHT2-HT3    0.736  0.050     0.687  0.039       50.329     38.965    924.254     84.720         0.332      0.001      0.105      0.001
FB-Njet2-Nb0-MHT3-HT1    1.062  0.087     0.793  0.123       28.709     27.031      6.872      8.665         0.004      0.000      0.000      0.000
FB-Njet2-Nb0-MHT3-HT2    0.813  0.051     0.579  0.038       35.081     42.623     44.698     48.151         0.039      0.001      0.007      0.000
FB-Njet2-Nb0-MHT3-HT3    0.791  0.094     0.593  0.054       10.653     11.454     92.491     34.612         0.363      0.001      0.072      0.000
FB-Njet2-Nb0-MHT4-HT1    1.000  1.000     1.000  1.000        0.000      0.000      0.000      0.000         0.000      0.000      0.000      0.000
FB-Njet2-Nb0-MHT4-HT2    0.959  0.156     0.628  0.134        4.488      4.646      2.504      3.536         0.024      0.000      0.000      0.000
FB-Njet2-Nb0-MHT4-HT3    0.905  0.151     0.555  0.083        4.651      4.648     15.837     12.491         0.304      0.003      0.045      0.000
FB-Njet2-Nb1-MHT1-HT1    1.008  0.024     0.856  0.024     1087.726    970.718   1879.508    771.503         0.013      0.000      0.007      0.001
FB-Njet2-Nb1-MHT1-HT2    1.147  0.060     0.823  0.035      339.330    159.568   2504.580    314.724         0.061      0.000      0.027      0.000
FB-Njet2-Nb1-MHT1-HT3    1.153  0.133     1.054  0.082      118.501     29.871   1684.993     80.291         0.529      0.003      0.231      0.000
FB-Njet2-Nb1-MHT2-HT1    1.081  0.044     0.895  0.050      318.843    292.090    226.424    172.968         0.023      0.000      0.004      0.000
FB-Njet2-Nb1-MHT2-HT2    0.954  0.069     0.760  0.045       88.481     83.588    386.592    164.292         0.144      0.001      0.047      0.001
FB-Njet2-Nb1-MHT2-HT3    1.104  0.165     1.002  0.091       28.747     16.139    451.003     57.960         1.271      0.003      0.506      0.000
FB-Njet2-Nb1-MHT3-HT1    1.404  0.257     0.630  0.217       12.028      8.555      2.846      4.517         0.013      0.000      0.000      0.000
FB-Njet2-Nb1-MHT3-HT2    1.095  0.157     0.720  0.107       17.967     15.917     28.077     20.909         0.239      0.000      0.022      0.000
FB-Njet2-Nb1-MHT3-HT3    1.097  0.270     0.944  0.159        8.020      5.333     51.950     17.051         1.565      0.004      0.379      0.003
FB-Njet2-Nb1-MHT4-HT1    1.000  1.000     1.000  1.000        0.000      0.000      0.000      0.000         0.000      0.000      0.000      0.000
FB-Njet2-Nb1-MHT4-HT2    1.606  0.699     0.342  0.142        2.409      1.433      0.508      1.478         0.108      0.000      0.003      0.000
FB-Njet2-Nb1-MHT4-HT3    1.084  0.349     1.079  0.311        3.861      2.181     10.721      3.776         1.397      0.003      0.196      0.000
FB-Njet2-Nb2-MHT1-HT1    1.155  0.038     0.934  0.036      661.601    537.878    854.988    434.473         0.008      0.000      0.007      0.000
FB-Njet2-Nb2-MHT1-HT2    1.243  0.101     0.927  0.055      144.170     79.775    812.002    180.138         0.107      0.000      0.043      0.000
FB-Njet2-Nb2-MHT1-HT3    1.728  0.336     1.131  0.134       43.646     11.548    483.964     39.622         0.792      0.003      0.314      0.003
FB-Njet2-Nb2-MHT2-HT1    1.301  0.083     0.851  0.078      168.074    128.738     77.672     77.476         0.054      0.000      0.009      0.000
FB-Njet2-Nb2-MHT2-HT2    1.277  0.147     0.853  0.073       53.137     38.850    171.113     87.961         0.371      0.004      0.084      0.004
FB-Njet2-Nb2-MHT2-HT3    1.524  0.401     0.762  0.109       14.342      6.718    114.450     33.800         1.945      0.005      0.679      0.001
FB-Njet2-Nb2-MHT3-HT1    1.404  0.461     1.893  1.492        5.556      3.936      1.296      0.684         0.028      0.000      0.001      0.000
FB-Njet2-Nb2-MHT3-HT2    1.752  0.531     1.269  0.336        8.204      4.428      9.414      7.038         0.435      0.000      0.039      0.000
FB-Njet2-Nb2-MHT3-HT3    1.024  0.535     1.889  0.597        4.649      2.083     16.560      4.086         2.374      0.000      0.582      0.001
FB-Njet2-Nb2-MHT4-HT1    1.000  1.000     1.000  1.000        0.000      0.000      0.000      0.000         0.000      0.000      0.000      0.000
FB-Njet2-Nb2-MHT4-HT2    1.109  1.194     0.618  1.236        0.722      0.461      0.104      0.151         0.211      0.000      0.011      0.000
FB-Njet2-Nb2-MHT4-HT3    0.634  0.549     0.395  0.231        2.817      0.884      1.506      2.501         2.256      0.005      0.277      0.001
FB-Njet2-Nb3-MHT1-HT1    1.356  0.118     1.430  0.145      116.091     71.651    284.520     51.641         0.022      0.000      0.003      0.000
FB-Njet2-Nb3-MHT1-HT2    1.535  0.305     1.124  0.164       37.740     12.740    290.332     27.703         0.152      0.000      0.035      0.000
FB-Njet2-Nb3-MHT1-HT3    2.073  1.003     1.589  0.513        7.034      1.784     60.381      4.712         0.601      0.005      0.267      0.003
FB-Njet2-Nb3-MHT2-HT1    1.726  0.293     1.182  0.324       29.815     17.227      9.509      7.329         0.051      0.000      0.007      0.000
FB-Njet2-Nb3-MHT2-HT2    1.168  0.350     1.260  0.272        8.120      6.063     35.584     11.681         0.359      0.001      0.074      0.003
FB-Njet2-Nb3-MHT2-HT3    1.539  1.042     1.778  0.757        3.768      1.103     25.696      2.717         1.582      0.008      0.524      0.000
FB-Njet2-Nb3-MHT3-HT1    1.372  0.956     0.500  0.612        1.521      1.089      0.050      0.101         0.026      0.000      0.000      0.000
FB-Njet2-Nb3-MHT3-HT2    0.767  0.581     1.822  1.242        1.145      0.875      1.924      1.039         0.475      0.001      0.031      0.000
FB-Njet2-Nb3-MHT3-HT3    1.000  1.000     1.102  0.829        2.109      0.007      4.429      0.987         2.059      0.007      0.462      0.000
FB-Njet2-Nb3-MHT4-HT1    1.000  1.000     1.000  1.000        0.000      0.000      0.000      0.000         0.000      0.000      0.000      0.000
FB-Njet2-Nb3-MHT4-HT2    1.000  1.000     1.000  1.000        0.231      0.000      0.003      0.000         0.231      0.000      0.003      0.000
FB-Njet2-Nb3-MHT4-HT3    1.000  1.000     0.758  0.960        1.947      0.007      0.585      0.418         1.946      0.007      0.213      0.000
FB-Njet3-Nb0-MHT1-HT1    0.882  0.024     0.773  0.029      656.734    609.793   1582.355    337.340         0.001      0.000      0.000      0.000
FB-Njet3-Nb0-MHT1-HT2    0.864  0.035     0.707  0.030      284.239    175.873   2055.209    220.188         0.004      0.000      0.001      0.000
FB-Njet3-Nb0-MHT1-HT3    0.962  0.069     0.814  0.056      124.097     40.436   1688.481     71.499         0.093      0.000      0.055      0.000
FB-Njet3-Nb0-MHT2-HT1    0.884  0.038     0.678  0.049      173.889    190.628    176.779     76.927         0.001      0.000      0.000      0.000
FB-Njet3-Nb0-MHT2-HT2    0.802  0.040     0.664  0.039       87.376    100.937    265.334    107.815         0.019      0.000      0.008      0.001
FB-Njet3-Nb0-MHT2-HT3    0.749  0.065     0.688  0.054       32.509     29.300    455.615     54.675         0.274      0.001      0.109      0.001
FB-Njet3-Nb0-MHT3-HT1    1.146  0.182     0.300  0.114        7.407      6.465      0.454      1.515         0.000      0.000      0.000      0.000
FB-Njet3-Nb0-MHT3-HT2    0.891  0.088     0.607  0.077       18.433     20.512     15.885     16.514         0.016      0.000      0.004      0.000
FB-Njet3-Nb0-MHT3-HT3    0.817  0.133     0.635  0.087        8.360      8.710     66.522     19.678         0.317      0.001      0.082      0.000
FB-Njet3-Nb0-MHT4-HT1    1.000  1.000     1.000  1.000        0.000      0.000      0.000      0.000         0.000      0.000      0.000      0.000
FB-Njet3-Nb0-MHT4-HT2    0.636  0.178     0.423  0.203        1.076      1.666      0.737      1.074         0.009      0.000      0.000      0.000
FB-Njet3-Nb0-MHT4-HT3    0.767  0.150     0.788  0.187        2.676      3.031      9.145      4.546         0.265      0.001      0.034      0.000
FB-Njet3-Nb1-MHT1-HT1    0.957  0.027     0.873  0.034      761.870    755.130    807.774    424.234         0.009      0.000      0.001      0.000
FB-Njet3-Nb1-MHT1-HT2    0.971  0.053     0.732  0.036      235.630    183.950   1014.891    268.080         0.027      0.000      0.016      0.000
FB-Njet3-Nb1-MHT1-HT3    0.940  0.108     0.969  0.079       84.564     37.493   1017.238     83.173         0.459      0.003      0.192      0.000
FB-Njet3-Nb1-MHT2-HT1    1.034  0.057     1.027  0.094      183.841    176.133    106.691     64.389         0.013      0.000      0.001      0.000
FB-Njet3-Nb1-MHT2-HT2    1.131  0.087     0.786  0.058       93.719     78.746    225.686    111.370         0.111      0.000      0.022      0.001
FB-Njet3-Nb1-MHT2-HT3    0.991  0.147     0.797  0.081       26.377     20.334    248.501     57.201         1.244      0.003      0.464      0.003
FB-Njet3-Nb1-MHT3-HT1    0.753  0.242     0.333  0.385        3.567      4.733      0.050      0.151         0.004      0.000      0.000      0.000
FB-Njet3-Nb1-MHT3-HT2    0.921  0.174     0.554  0.134       11.285     12.114      6.617     11.413         0.124      0.001      0.009      0.000
FB-Njet3-Nb1-MHT3-HT3    1.241  0.323     0.555  0.109        7.364      4.495     35.369     19.062         1.375      0.007      0.347      0.003
FB-Njet3-Nb1-MHT4-HT1    1.000  1.000     1.000  1.000        0.000      0.000      0.000      0.000         0.000      0.000      0.000      0.000
FB-Njet3-Nb1-MHT4-HT2    0.784  0.482     1.626  1.614        0.618      0.708      0.411      0.252         0.062      0.000      0.000      0.000
FB-Njet3-Nb1-MHT4-HT3    1.035  0.351     0.791  0.295        2.778      1.464      6.677      2.863         1.193      0.000      0.171      0.000
FB-Njet3-Nb2-MHT1-HT1    1.053  0.036     0.932  0.044      543.071    512.129    311.533    287.618         0.013      0.000      0.000      0.000
FB-Njet3-Nb2-MHT1-HT2    0.990  0.070     0.944  0.058      153.078    122.012    623.443    170.417         0.070      0.000      0.023      0.000
FB-Njet3-Nb2-MHT1-HT3    1.220  0.209     1.207  0.126       37.902     18.158    348.204     50.441         0.777      0.004      0.333      0.003
FB-Njet3-Nb2-MHT2-HT1    1.256  0.093     1.254  0.157      126.556     99.470     81.334     34.842         0.024      0.000      0.001      0.000
FB-Njet3-Nb2-MHT2-HT2    1.090  0.114     0.860  0.082       58.044     52.272     88.754     72.503         0.217      0.003      0.047      0.000
FB-Njet3-Nb2-MHT2-HT3    1.209  0.275     0.746  0.105       16.171     10.322     94.963     35.079         2.016      0.004      0.702      0.000
FB-Njet3-Nb2-MHT3-HT1    0.867  0.500     1.159  1.539        1.361      1.563      0.367      0.317         0.007      0.000      0.000      0.000
FB-Njet3-Nb2-MHT3-HT2    0.883  0.232     0.861  0.320        8.102      8.845      4.835      4.616         0.270      0.000      0.024      0.000
FB-Njet3-Nb2-MHT3-HT3    0.764  0.385     0.922  0.270        4.200      2.390     11.650      7.377         2.305      0.005      0.563      0.003
FB-Njet3-Nb2-MHT4-HT1    1.000  1.000     1.000  1.000        0.000      0.000      0.000      0.000         0.000      0.000      0.000      0.000
FB-Njet3-Nb2-MHT4-HT2    1.000  1.414     0.618  1.236        0.177      0.050      0.031      0.050         0.127      0.000      0.000      0.000
FB-Njet3-Nb2-MHT4-HT3    4.564  3.008     2.983  2.710        3.400      0.258      4.916      0.419         2.193      0.005      0.251      0.001
FB-Njet3-Nb3-MHT1-HT1    1.265  0.097     1.254  0.141      120.691     95.388     56.074     44.698         0.007      0.000      0.001      0.000
FB-Njet3-Nb3-MHT1-HT2    1.298  0.196     0.993  0.133       40.057     23.831    163.442     34.472         0.136      0.000      0.034      0.001
FB-Njet3-Nb3-MHT1-HT3    1.212  0.384     0.932  0.226       10.007      5.568     59.385     11.070         0.714      0.001      0.271      0.003
FB-Njet3-Nb3-MHT2-HT1    1.955  0.351     1.300  0.394       27.965     14.290      7.693      5.913         0.028      0.000      0.004      0.000
FB-Njet3-Nb3-MHT2-HT2    1.211  0.272     0.953  0.192       14.401     11.070     34.022     15.567         0.370      0.004      0.051      0.003
FB-Njet3-Nb3-MHT2-HT3    1.706  1.303     0.815  0.226        3.402      0.740     22.387      8.901         1.792      0.005      0.649      0.003
FB-Njet3-Nb3-MHT3-HT1    2.159  2.586     1.000  1.000        0.692      0.317      0.004      0.000         0.008      0.000      0.004      0.000
FB-Njet3-Nb3-MHT3-HT2    0.257  0.197     2.725  2.813        0.568      0.786      1.022      0.367         0.366      0.001      0.022      0.000
FB-Njet3-Nb3-MHT3-HT3    0.894  1.112     2.159  1.299        2.707      0.415      4.271      1.271         2.323      0.004      0.505      0.004
FB-Njet3-Nb3-MHT4-HT1    1.000  1.000     1.000  1.000        0.000      0.000      0.000      0.000         0.000      0.000      0.000      0.000
FB-Njet3-Nb3-MHT4-HT2    1.000  1.000     1.000  1.000        0.138      0.000      0.003      0.000         0.138      0.000      0.003      0.000
FB-Njet3-Nb3-MHT4-HT3    1.000  1.000     0.623  1.246        2.121      0.003      0.922      0.317         2.113      0.003      0.271      0.000
FB-Njet4-Nb0-MHT1-HT1    0.922  0.038     0.758  0.050      306.793    294.692    362.074    125.122         0.000      0.000      0.000      0.000
FB-Njet4-Nb0-MHT1-HT2    0.835  0.043     0.722  0.043      180.682    148.804    651.707    130.890         0.003      0.000      0.001      0.000
FB-Njet4-Nb0-MHT1-HT3    0.820  0.071     0.749  0.062      117.967     44.534   1118.585     64.021         0.115      0.000      0.054      0.000
FB-Njet4-Nb0-MHT2-HT1    0.852  0.065     0.786  0.116       61.748     72.298     17.702     18.785         0.001      0.000      0.000      0.000
FB-Njet4-Nb0-MHT2-HT2    0.800  0.056     0.790  0.069       60.208     71.406    103.837     49.100         0.007      0.000      0.003      0.000
FB-Njet4-Nb0-MHT2-HT3    0.768  0.085     0.770  0.079       29.063     26.508    265.060     39.477         0.309      0.001      0.127      0.000
FB-Njet4-Nb0-MHT3-HT1    1.034  0.311     1.000  0.816        1.557      1.507      0.151      0.151         0.000      0.000      0.000      0.000
FB-Njet4-Nb0-MHT3-HT2    0.696  0.103     0.404  0.096        8.576     12.225      3.959      5.653         0.012      0.000      0.001      0.000
FB-Njet4-Nb0-MHT3-HT3    0.643  0.104     0.686  0.135        5.693      7.457     30.335     10.868         0.327      0.000      0.080      0.001
FB-Njet4-Nb0-MHT4-HT1    1.000  1.000     1.000  1.000        0.000      0.000      0.000      0.000         0.000      0.000      0.000      0.000
FB-Njet4-Nb0-MHT4-HT2    0.911  0.507     1.000  1.414        0.658      0.721      0.050      0.050         0.001      0.000      0.000      0.000
FB-Njet4-Nb0-MHT4-HT3    0.789  0.242     0.349  0.112        1.987      2.122      2.757      2.602         0.271      0.001      0.039      0.000
FB-Njet4-Nb1-MHT1-HT1    0.874  0.031     0.831  0.047      471.376    521.950    293.959    214.227         0.003      0.000      0.000      0.000
FB-Njet4-Nb1-MHT1-HT2    0.853  0.043     0.813  0.042      268.297    237.866    843.755    242.826         0.036      0.000      0.004      0.000
FB-Njet4-Nb1-MHT1-HT3    0.826  0.082     0.935  0.070      109.809     60.004    884.511    105.454         0.571      0.001      0.270      0.003
FB-Njet4-Nb1-MHT2-HT1    0.899  0.072     0.779  0.120       85.018     94.542     21.842     28.023         0.003      0.000      0.000      0.000
FB-Njet4-Nb1-MHT2-HT2    0.909  0.072     0.865  0.080       87.790     90.878    168.590     70.739         0.057      0.000      0.012      0.000
FB-Njet4-Nb1-MHT2-HT3    0.870  0.114     0.694  0.069       34.657     31.725    206.792     69.844         1.409      0.008      0.499      0.001
FB-Njet4-Nb1-MHT3-HT1    0.555  0.307     1.000  1.414        1.306      2.348      0.050      0.050         0.003      0.000      0.000      0.000
FB-Njet4-Nb1-MHT3-HT2    1.325  0.310     0.540  0.201        9.588      7.094      6.752      5.505         0.066      0.000      0.008      0.000
FB-Njet4-Nb1-MHT3-HT3    0.849  0.219     0.615  0.140        8.900      8.233     19.919     12.942         1.625      0.001      0.387      0.003
FB-Njet4-Nb1-MHT4-HT1    1.000  1.000     1.000  1.000        0.000      0.000      0.000      0.000         0.000      0.000      0.000      0.000
FB-Njet4-Nb1-MHT4-HT2   10.273 12.202     1.000  1.000        0.544      0.050      0.000      0.000         0.026      0.000      0.000      0.000
FB-Njet4-Nb1-MHT4-HT3    0.736  0.376     2.264  1.186        2.987      2.100      3.091      0.924         1.424      0.003      0.190      0.001
FB-Njet4-Nb2-MHT1-HT1    0.929  0.037     0.843  0.053      389.551    414.134    181.579    170.803         0.005      0.000      0.000      0.000
FB-Njet4-Nb2-MHT1-HT2    0.903  0.052     0.881  0.052      187.348    197.483    258.145    193.391         0.067      0.003      0.012      0.000
FB-Njet4-Nb2-MHT1-HT3    1.110  0.130     1.177  0.103       65.792     42.052    327.927     74.900         0.912      0.001      0.433      0.001
FB-Njet4-Nb2-MHT2-HT1    0.953  0.093     1.160  0.214       62.829     65.924     19.546     16.844         0.008      0.000      0.000      0.000
FB-Njet4-Nb2-MHT2-HT2    0.899  0.087     0.943  0.099       61.713     68.337     57.034     57.768         0.154      0.000      0.030      0.000
FB-Njet4-Nb2-MHT2-HT3    0.818  0.130     0.970  0.120       25.775     25.874    102.198     40.361         2.387      0.005      0.821      0.004
FB-Njet4-Nb2-MHT3-HT1    1.268  0.930     1.000  1.000        1.324      1.039      0.000      0.000         0.007      0.000      0.000      0.000
FB-Njet4-Nb2-MHT3-HT2    0.938  0.282     0.271  0.157        6.493      6.706      1.823      3.610         0.177      0.000      0.007      0.000
FB-Njet4-Nb2-MHT3-HT3    0.729  0.261     0.618  0.174        6.667      5.188      9.883      9.854         2.815      0.011      0.675      0.001
FB-Njet4-Nb2-MHT4-HT1    1.000  1.000     1.000  1.000        0.000      0.000      0.000      0.000         0.000      0.000      0.000      0.000
FB-Njet4-Nb2-MHT4-HT2    7.273  9.657     1.000  1.000        0.419      0.050      0.001      0.000         0.051      0.000      0.001      0.000
FB-Njet4-Nb2-MHT4-HT3    0.687  0.537     2.985  2.725        3.106      0.831      2.298      0.456         2.522      0.003      0.314      0.000
FB-Njet4-Nb3-MHT1-HT1    1.253  0.098     1.179  0.143      119.098     95.023     46.324     39.295         0.007      0.000      0.004      0.000
FB-Njet4-Nb3-MHT1-HT2    1.013  0.106     0.868  0.096       59.957     56.310     75.235     54.600         0.076      0.000      0.035      0.000
FB-Njet4-Nb3-MHT1-HT3    0.886  0.195     0.975  0.154       16.374     13.483     69.106     25.285         1.089      0.007      0.432      0.008
FB-Njet4-Nb3-MHT2-HT1    1.456  0.290     0.691  0.240       19.365     13.296      4.435      6.417         0.008      0.000      0.000      0.000
FB-Njet4-Nb3-MHT2-HT2    1.100  0.195     1.022  0.212       21.198     18.910     18.409     14.286         0.217      0.000      0.038      0.001
FB-Njet4-Nb3-MHT2-HT3    1.943  0.738     0.811  0.160        9.332      3.198     26.333     17.816         2.740      0.008      0.931      0.004
FB-Njet4-Nb3-MHT3-HT1    3.137  3.842     1.000  1.000        0.317      0.101      0.000      0.000         0.000      0.000      0.000      0.000
FB-Njet4-Nb3-MHT3-HT2    1.258  0.876     1.689  1.350        1.671      1.128      1.313      0.773         0.252      0.000      0.008      0.000
FB-Njet4-Nb3-MHT3-HT3    2.748  2.108     1.128  0.543        5.097      0.688      4.589      2.530         3.193      0.004      0.779      0.003
FB-Njet4-Nb3-MHT4-HT1    1.000  1.000     1.000  1.000        0.000      0.000      0.000      0.000         0.000      0.000      0.000      0.000
FB-Njet4-Nb3-MHT4-HT2    0.000  1.000     1.000  1.000        0.085      0.317      0.003      0.000         0.085      0.000      0.003      0.000
FB-Njet4-Nb3-MHT4-HT3    1.000  1.000     1.000  1.000        2.963      0.008      0.459      0.000         2.959      0.008      0.290      0.000
FB-Njet5-Nb0-MHT1-HT1    0.950  0.179     0.678  0.202       14.306     15.058      4.860      7.172         0.000      0.000      0.000      0.000
FB-Njet5-Nb0-MHT1-HT2    0.707  0.106     0.675  0.131       19.372     24.557     21.300     16.045         0.000      0.000      0.000      0.000
FB-Njet5-Nb0-MHT1-HT3    0.723  0.145     1.077  0.223       23.306     11.575    114.851     10.540         0.030      0.000      0.013      0.000
FB-Njet5-Nb0-MHT2-HT1    0.621  0.251     0.737  0.624        1.913      3.078      0.684      0.928         0.000      0.000      0.000      0.000
FB-Njet5-Nb0-MHT2-HT2    0.725  0.169     0.447  0.164        6.537      8.619      5.862      5.916         0.000      0.000      0.000      0.000
FB-Njet5-Nb0-MHT2-HT3    0.768  0.190     0.758  0.198        6.699      5.479     40.932      7.242         0.084      0.000      0.046      0.000
FB-Njet5-Nb0-MHT3-HT1    1.000  1.000     1.000  1.000        0.000      0.000      0.000      0.000         0.000      0.000      0.000      0.000
FB-Njet5-Nb0-MHT3-HT2    0.235  0.122     1.000  0.816        0.405      1.722      0.151      0.151         0.001      0.000      0.000      0.000
FB-Njet5-Nb0-MHT3-HT3    1.032  0.537     1.075  0.549        1.552      1.340      2.683      1.284         0.108      0.000      0.024      0.001
FB-Njet5-Nb0-MHT4-HT1    1.000  1.000     1.000  1.000        0.000      0.000      0.000      0.000         0.000      0.000      0.000      0.000
FB-Njet5-Nb0-MHT4-HT2    1.000  1.000     1.000  1.000        0.000      0.000      0.000      0.000         0.000      0.000      0.000      0.000
FB-Njet5-Nb0-MHT4-HT3    2.250  1.352     1.000  1.414        0.538      0.203      0.419      0.050         0.067      0.001      0.012      0.000
FB-Njet5-Nb1-MHT1-HT1    0.755  0.095     0.569  0.152       34.254     45.370      6.655     11.696         0.000      0.000      0.000      0.000
FB-Njet5-Nb1-MHT1-HT2    0.797  0.088     0.865  0.115       53.968     56.149     80.595     37.543         0.004      0.000      0.001      0.000
FB-Njet5-Nb1-MHT1-HT3    1.134  0.188     0.942  0.138       40.019     19.841    147.591     28.898         0.196      0.001      0.107      0.000
FB-Njet5-Nb1-MHT2-HT1    1.046  0.348     0.581  0.384        5.677      5.422      0.979      1.685         0.003      0.000      0.000      0.000
FB-Njet5-Nb1-MHT2-HT2    0.761  0.143     0.916  0.244       18.231     19.466     45.828      8.943         0.008      0.000      0.000      0.000
FB-Njet5-Nb1-MHT2-HT3    0.768  0.198     0.696  0.145        8.815      8.949     32.789     16.803         0.524      0.004      0.197      0.001
FB-Njet5-Nb1-MHT3-HT1    1.000  1.000     1.000  1.000        0.000      0.000      0.000      0.000         0.000      0.000      0.000      0.000
FB-Njet5-Nb1-MHT3-HT2    2.078  1.505     0.289  0.327        0.743      0.353      0.317      1.095         0.008      0.000      0.000      0.000
FB-Njet5-Nb1-MHT3-HT3    1.053  0.524     0.619  0.277        2.817      2.082      3.857      3.191         0.544      0.000      0.146      0.000
FB-Njet5-Nb1-MHT4-HT1    1.000  1.000     1.000  1.000        0.000      0.000      0.000      0.000         0.000      0.000      0.000      0.000
FB-Njet5-Nb1-MHT4-HT2    1.000  1.000     1.000  1.000        0.004      0.000      0.000      0.000         0.004      0.000      0.000      0.000
FB-Njet5-Nb1-MHT4-HT3    1.565  2.089    25.920 28.777        0.874      0.259      1.472      0.050         0.464      0.000      0.072      0.000
FB-Njet5-Nb2-MHT1-HT1    1.341  0.173     0.802  0.188       44.405     33.116     10.284     12.815         0.001      0.000      0.000      0.000
FB-Njet5-Nb2-MHT1-HT2    0.797  0.089     0.834  0.109       45.696     56.597     36.427     40.179         0.003      0.000      0.001      0.000
FB-Njet5-Nb2-MHT1-HT3    0.907  0.151     1.065  0.175       27.428     23.415     64.350     22.156         0.347      0.001      0.143      0.001
FB-Njet5-Nb2-MHT2-HT1    0.682  0.226     1.000  1.000        4.802      7.041      0.000      0.000         0.000      0.000      0.000      0.000
FB-Njet5-Nb2-MHT2-HT2    0.903  0.185     1.106  0.300       14.100     15.588      8.798      7.956         0.024      0.000      0.000      0.000
FB-Njet5-Nb2-MHT2-HT3    1.325  0.288     1.198  0.276       16.691     11.413     22.997     10.618         0.895      0.005      0.318      0.001
FB-Njet5-Nb2-MHT3-HT1    1.000  1.000     1.000  1.000        0.000      0.000      0.000      0.000         0.000      0.000      0.000      0.000
FB-Njet5-Nb2-MHT3-HT2    0.779  0.573     0.561  1.122        0.995      1.260      0.178      0.317         0.013      0.000      0.000      0.000
FB-Njet5-Nb2-MHT3-HT3    0.706  0.397     0.387  0.229        2.767      2.369      1.813      3.350         1.081      0.000      0.225      0.000
FB-Njet5-Nb2-MHT4-HT1    1.000  1.000     1.000  1.000        0.000      0.000      0.000      0.000         0.000      0.000      0.000      0.000
FB-Njet5-Nb2-MHT4-HT2    1.000  1.000     1.000  1.000        0.004      0.000      0.000      0.000         0.004      0.000      0.000      0.000
FB-Njet5-Nb2-MHT4-HT3    1.426  1.563     1.035  1.374        1.231      0.252      0.485      0.355         0.870      0.000      0.112      0.000
FB-Njet5-Nb3-MHT1-HT1    0.768  0.169     1.462  0.526       11.424     14.881      6.020      4.118         0.000      0.000      0.001      0.000
FB-Njet5-Nb3-MHT1-HT2    0.829  0.147     0.938  0.202       18.879     22.083     15.979     13.899         0.007      0.000      0.007      0.000
FB-Njet5-Nb3-MHT1-HT3    1.048  0.277     0.770  0.186       10.350      8.532     16.236     12.295         0.464      0.000      0.233      0.005
FB-Njet5-Nb3-MHT2-HT1    0.382  0.226     0.661  1.321        1.209      3.168      0.419      0.634         0.000      0.000      0.000      0.000
FB-Njet5-Nb3-MHT2-HT2    1.596  0.482     1.108  0.477        8.838      5.517      3.568      3.218         0.032      0.000      0.004      0.000
FB-Njet5-Nb3-MHT2-HT3    0.646  0.246     1.065  0.355        5.088      5.477     10.394      5.477         1.274      0.005      0.467      0.005
FB-Njet5-Nb3-MHT3-HT1    1.000  1.000     1.000  1.000        0.000      0.000      0.000      0.000         0.000      0.000      0.000      0.000
FB-Njet5-Nb3-MHT3-HT2    1.000  1.414     0.561  1.122        0.342      0.317      0.179      0.317         0.026      0.000      0.001      0.000
FB-Njet5-Nb3-MHT3-HT3   12.404 14.851     0.641  0.585        2.215      0.053      0.957      0.988         1.588      0.003      0.324      0.000
FB-Njet5-Nb3-MHT4-HT1    1.000  1.000     1.000  1.000        0.000      0.000      0.000      0.000         0.000      0.000      0.000      0.000
FB-Njet5-Nb3-MHT4-HT2    1.000  1.000     1.000  1.000        0.011      0.000      0.000      0.000         0.011      0.000      0.000      0.000
FB-Njet5-Nb3-MHT4-HT3    1.000  1.000     0.623  1.246        1.255      0.004      0.369      0.321         1.255      0.004      0.171      0.004
N-search-bins  72
SB-Njet456-Nb0-MHT1-HT1
SB-Njet456-Nb0-MHT1-HT2
SB-Njet456-Nb0-MHT1-HT3
SB-Njet456-Nb0-MHT2-HT12
SB-Njet456-Nb0-MHT2-HT3
SB-Njet456-Nb0-MHT3-HT23
SB-Njet456-Nb1-MHT1-HT1
SB-Njet456-Nb1-MHT1-HT2
SB-Njet456-Nb1-MHT1-HT3
SB-Njet456-Nb1-MHT2-HT12
SB-Njet456-Nb1-MHT2-HT3
SB-Njet456-Nb1-MHT3-HT23
SB-Njet456-Nb2-MHT1-HT1
SB-Njet456-Nb2-MHT1-HT2
SB-Njet456-Nb2-MHT1-HT3
SB-Njet456-Nb2-MHT2-HT12
SB-Njet456-Nb2-MHT2-HT3
SB-Njet456-Nb2-MHT3-HT23
SB-Njet456-Nb3+-MHT1-HT1
SB-Njet456-Nb3+-MHT1-HT2
SB-Njet456-Nb3+-MHT1-HT3
SB-Njet456-Nb3+-MHT2-HT12
SB-Njet456-Nb3+-MHT2-HT3
SB-Njet456-Nb3+-MHT3-HT23
SB-Njet78-Nb0-MHT1-HT1
SB-Njet78-Nb0-MHT1-HT2
SB-Njet78-Nb0-MHT1-HT3
SB-Njet78-Nb0-MHT2-HT12
SB-Njet78-Nb0-MHT2-HT3
SB-Njet78-Nb0-MHT3-HT23
SB-Njet78-Nb1-MHT1-HT1
SB-Njet78-Nb1-MHT1-HT2
SB-Njet78-Nb1-MHT1-HT3
SB-Njet78-Nb1-MHT2-HT12
SB-Njet78-Nb1-MHT2-HT3
SB-Njet78-Nb1-MHT3-HT23
SB-Njet78-Nb2-MHT1-HT1
SB-Njet78-Nb2-MHT1-HT2
SB-Njet78-Nb2-MHT1-HT3
SB-Njet78-Nb2-MHT2-HT12
SB-Njet78-Nb2-MHT2-HT3
SB-Njet78-Nb2-MHT3-HT23
SB-Njet78-Nb3+-MHT1-HT1
SB-Njet78-Nb3+-MHT1-HT2
SB-Njet78-Nb3+-MHT1-HT3
SB-Njet78-Nb3+-MHT2-HT12
SB-Njet78-Nb3+-MHT2-HT3
SB-Njet78-Nb3+-MHT3-HT23
SB-Njet9+-Nb0-MHT1-HT1
SB-Njet9+-Nb0-MHT1-HT2
SB-Njet9+-Nb0-MHT1-HT3
SB-Njet9+-Nb0-MHT2-HT12
SB-Njet9+-Nb0-MHT2-HT3
SB-Njet9+-Nb0-MHT3-HT23
SB-Njet9+-Nb1-MHT1-HT1
SB-Njet9+-Nb1-MHT1-HT2
SB-Njet9+-Nb1-MHT1-HT3
SB-Njet9+-Nb1-MHT2-HT12
SB-Njet9+-Nb1-MHT2-HT3
SB-Njet9+-Nb1-MHT3-HT23
SB-Njet9+-Nb2-MHT1-HT1
SB-Njet9+-Nb2-MHT1-HT2
SB-Njet9+-Nb2-MHT1-HT3
SB-Njet9+-Nb2-MHT2-HT12
SB-Njet9+-Nb2-MHT2-HT3
SB-Njet9+-Nb2-MHT3-HT23
SB-Njet9+-Nb3+-MHT1-HT1
SB-Njet9+-Nb3+-MHT1-HT2
SB-Njet9+-Nb3+-MHT1-HT3
SB-Njet9+-Nb3+-MHT2-HT12
SB-Njet9+-Nb3+-MHT2-HT3
SB-Njet9+-Nb3+-MHT3-HT23
Fine-bin-search-bin-map
FB-Njet1-Nb0-MHT1-HT1   SB-Njet456-Nb0-MHT1-HT1
FB-Njet1-Nb0-MHT1-HT2   SB-Njet456-Nb0-MHT1-HT2
FB-Njet1-Nb0-MHT1-HT3   SB-Njet456-Nb0-MHT1-HT3
FB-Njet1-Nb0-MHT2-HT1   SB-Njet456-Nb0-MHT1-HT1
FB-Njet1-Nb0-MHT2-HT2   SB-Njet456-Nb0-MHT1-HT2
FB-Njet1-Nb0-MHT2-HT3   SB-Njet456-Nb0-MHT1-HT3
FB-Njet1-Nb0-MHT3-HT1   SB-Njet456-Nb0-MHT2-HT12
FB-Njet1-Nb0-MHT3-HT2   SB-Njet456-Nb0-MHT2-HT12
FB-Njet1-Nb0-MHT3-HT3   SB-Njet456-Nb0-MHT2-HT3
FB-Njet1-Nb0-MHT4-HT1   X
FB-Njet1-Nb0-MHT4-HT2   SB-Njet456-Nb0-MHT3-HT23
FB-Njet1-Nb0-MHT4-HT3   SB-Njet456-Nb0-MHT3-HT23
FB-Njet1-Nb1-MHT1-HT1   SB-Njet456-Nb1-MHT1-HT1
FB-Njet1-Nb1-MHT1-HT2   SB-Njet456-Nb1-MHT1-HT2
FB-Njet1-Nb1-MHT1-HT3   SB-Njet456-Nb1-MHT1-HT3
FB-Njet1-Nb1-MHT2-HT1   SB-Njet456-Nb1-MHT1-HT1
FB-Njet1-Nb1-MHT2-HT2   SB-Njet456-Nb1-MHT1-HT2
FB-Njet1-Nb1-MHT2-HT3   SB-Njet456-Nb1-MHT1-HT3
FB-Njet1-Nb1-MHT3-HT1   SB-Njet456-Nb1-MHT2-HT12
FB-Njet1-Nb1-MHT3-HT2   SB-Njet456-Nb1-MHT2-HT12
FB-Njet1-Nb1-MHT3-HT3   SB-Njet456-Nb1-MHT2-HT3
FB-Njet1-Nb1-MHT4-HT1   X
FB-Njet1-Nb1-MHT4-HT2   SB-Njet456-Nb1-MHT3-HT23
FB-Njet1-Nb1-MHT4-HT3   SB-Njet456-Nb1-MHT3-HT23
FB-Njet1-Nb2-MHT1-HT1   SB-Njet456-Nb2-MHT1-HT1
FB-Njet1-Nb2-MHT1-HT2   SB-Njet456-Nb2-MHT1-HT2
FB-Njet1-Nb2-MHT1-HT3   SB-Njet456-Nb2-MHT1-HT3
FB-Njet1-Nb2-MHT2-HT1   SB-Njet456-Nb2-MHT1-HT1
FB-Njet1-Nb2-MHT2-HT2   SB-Njet456-Nb2-MHT1-HT2
FB-Njet1-Nb2-MHT2-HT3   SB-Njet456-Nb2-MHT1-HT3
FB-Njet1-Nb2-MHT3-HT1   SB-Njet456-Nb2-MHT2-HT12
FB-Njet1-Nb2-MHT3-HT2   SB-Njet456-Nb2-MHT2-HT12
FB-Njet1-Nb2-MHT3-HT3   SB-Njet456-Nb2-MHT2-HT3
FB-Njet1-Nb2-MHT4-HT1   X
FB-Njet1-Nb2-MHT4-HT2   SB-Njet456-Nb2-MHT3-HT23
FB-Njet1-Nb2-MHT4-HT3   SB-Njet456-Nb2-MHT3-HT23
FB-Njet1-Nb3-MHT1-HT1   SB-Njet456-Nb3+-MHT1-HT1
FB-Njet1-Nb3-MHT1-HT2   SB-Njet456-Nb3+-MHT1-HT2
FB-Njet1-Nb3-MHT1-HT3   SB-Njet456-Nb3+-MHT1-HT3
FB-Njet1-Nb3-MHT2-HT1   SB-Njet456-Nb3+-MHT1-HT1
FB-Njet1-Nb3-MHT2-HT2   SB-Njet456-Nb3+-MHT1-HT2
FB-Njet1-Nb3-MHT2-HT3   SB-Njet456-Nb3+-MHT1-HT3
FB-Njet1-Nb3-MHT3-HT1   SB-Njet456-Nb3+-MHT2-HT12
FB-Njet1-Nb3-MHT3-HT2   SB-Njet456-Nb3+-MHT2-HT12
FB-Njet1-Nb3-MHT3-HT3   SB-Njet456-Nb3+-MHT2-HT3
FB-Njet1-Nb3-MHT4-HT1   X
FB-Njet1-Nb3-MHT4-HT2   SB-Njet456-Nb3+-MHT3-HT23
FB-Njet1-Nb3-MHT4-HT3   SB-Njet456-Nb3+-MHT3-HT23
FB-Njet2-Nb0-MHT1-HT1   SB-Njet456-Nb0-MHT1-HT1
FB-Njet2-Nb0-MHT1-HT2   SB-Njet456-Nb0-MHT1-HT2
FB-Njet2-Nb0-MHT1-HT3   SB-Njet456-Nb0-MHT1-HT3
FB-Njet2-Nb0-MHT2-HT1   SB-Njet456-Nb0-MHT1-HT1
FB-Njet2-Nb0-MHT2-HT2   SB-Njet456-Nb0-MHT1-HT2
FB-Njet2-Nb0-MHT2-HT3   SB-Njet456-Nb0-MHT1-HT3
FB-Njet2-Nb0-MHT3-HT1   SB-Njet456-Nb0-MHT2-HT12
FB-Njet2-Nb0-MHT3-HT2   SB-Njet456-Nb0-MHT2-HT12
FB-Njet2-Nb0-MHT3-HT3   SB-Njet456-Nb0-MHT2-HT3
FB-Njet2-Nb0-MHT4-HT1   X
FB-Njet2-Nb0-MHT4-HT2   SB-Njet456-Nb0-MHT3-HT23
FB-Njet2-Nb0-MHT4-HT3   SB-Njet456-Nb0-MHT3-HT23
FB-Njet2-Nb1-MHT1-HT1   SB-Njet456-Nb1-MHT1-HT1
FB-Njet2-Nb1-MHT1-HT2   SB-Njet456-Nb1-MHT1-HT2
FB-Njet2-Nb1-MHT1-HT3   SB-Njet456-Nb1-MHT1-HT3
FB-Njet2-Nb1-MHT2-HT1   SB-Njet456-Nb1-MHT1-HT1
FB-Njet2-Nb1-MHT2-HT2   SB-Njet456-Nb1-MHT1-HT2
FB-Njet2-Nb1-MHT2-HT3   SB-Njet456-Nb1-MHT1-HT3
FB-Njet2-Nb1-MHT3-HT1   SB-Njet456-Nb1-MHT2-HT12
FB-Njet2-Nb1-MHT3-HT2   SB-Njet456-Nb1-MHT2-HT12
FB-Njet2-Nb1-MHT3-HT3   SB-Njet456-Nb1-MHT2-HT3
FB-Njet2-Nb1-MHT4-HT1   X
FB-Njet2-Nb1-MHT4-HT2   SB-Njet456-Nb1-MHT3-HT23
FB-Njet2-Nb1-MHT4-HT3   SB-Njet456-Nb1-MHT3-HT23
FB-Njet2-Nb2-MHT1-HT1   SB-Njet456-Nb2-MHT1-HT1
FB-Njet2-Nb2-MHT1-HT2   SB-Njet456-Nb2-MHT1-HT2
FB-Njet2-Nb2-MHT1-HT3   SB-Njet456-Nb2-MHT1-HT3
FB-Njet2-Nb2-MHT2-HT1   SB-Njet456-Nb2-MHT1-HT1
FB-Njet2-Nb2-MHT2-HT2   SB-Njet456-Nb2-MHT1-HT2
FB-Njet2-Nb2-MHT2-HT3   SB-Njet456-Nb2-MHT1-HT3
FB-Njet2-Nb2-MHT3-HT1   SB-Njet456-Nb2-MHT2-HT12
FB-Njet2-Nb2-MHT3-HT2   SB-Njet456-Nb2-MHT2-HT12
FB-Njet2-Nb2-MHT3-HT3   SB-Njet456-Nb2-MHT2-HT3
FB-Njet2-Nb2-MHT4-HT1   X
FB-Njet2-Nb2-MHT4-HT2   SB-Njet456-Nb2-MHT3-HT23
FB-Njet2-Nb2-MHT4-HT3   SB-Njet456-Nb2-MHT3-HT23
FB-Njet2-Nb3-MHT1-HT1   SB-Njet456-Nb3+-MHT1-HT1
FB-Njet2-Nb3-MHT1-HT2   SB-Njet456-Nb3+-MHT1-HT2
FB-Njet2-Nb3-MHT1-HT3   SB-Njet456-Nb3+-MHT1-HT3
FB-Njet2-Nb3-MHT2-HT1   SB-Njet456-Nb3+-MHT1-HT1
FB-Njet2-Nb3-MHT2-HT2   SB-Njet456-Nb3+-MHT1-HT2
FB-Njet2-Nb3-MHT2-HT3   SB-Njet456-Nb3+-MHT1-HT3
FB-Njet2-Nb3-MHT3-HT1   SB-Njet456-Nb3+-MHT2-HT12
FB-Njet2-Nb3-MHT3-HT2   SB-Njet456-Nb3+-MHT2-HT12
FB-Njet2-Nb3-MHT3-HT3   SB-Njet456-Nb3+-MHT2-HT3
FB-Njet2-Nb3-MHT4-HT1   X
FB-Njet2-Nb3-MHT4-HT2   SB-Njet456-Nb3+-MHT3-HT23
FB-Njet2-Nb3-MHT4-HT3   SB-Njet456-Nb3+-MHT3-HT23
FB-Njet3-Nb0-MHT1-HT1   SB-Njet456-Nb0-MHT1-HT1
FB-Njet3-Nb0-MHT1-HT2   SB-Njet456-Nb0-MHT1-HT2
FB-Njet3-Nb0-MHT1-HT3   SB-Njet456-Nb0-MHT1-HT3
FB-Njet3-Nb0-MHT2-HT1   SB-Njet456-Nb0-MHT1-HT1
FB-Njet3-Nb0-MHT2-HT2   SB-Njet456-Nb0-MHT1-HT2
FB-Njet3-Nb0-MHT2-HT3   SB-Njet456-Nb0-MHT1-HT3
FB-Njet3-Nb0-MHT3-HT1   SB-Njet456-Nb0-MHT2-HT12
FB-Njet3-Nb0-MHT3-HT2   SB-Njet456-Nb0-MHT2-HT12
FB-Njet3-Nb0-MHT3-HT3   SB-Njet456-Nb0-MHT2-HT3
FB-Njet3-Nb0-MHT4-HT1   X
FB-Njet3-Nb0-MHT4-HT2   SB-Njet456-Nb0-MHT3-HT23
FB-Njet3-Nb0-MHT4-HT3   SB-Njet456-Nb0-MHT3-HT23
FB-Njet3-Nb1-MHT1-HT1   SB-Njet456-Nb1-MHT1-HT1
FB-Njet3-Nb1-MHT1-HT2   SB-Njet456-Nb1-MHT1-HT2
FB-Njet3-Nb1-MHT1-HT3   SB-Njet456-Nb1-MHT1-HT3
FB-Njet3-Nb1-MHT2-HT1   SB-Njet456-Nb1-MHT1-HT1
FB-Njet3-Nb1-MHT2-HT2   SB-Njet456-Nb1-MHT1-HT2
FB-Njet3-Nb1-MHT2-HT3   SB-Njet456-Nb1-MHT1-HT3
FB-Njet3-Nb1-MHT3-HT1   SB-Njet456-Nb1-MHT2-HT12
FB-Njet3-Nb1-MHT3-HT2   SB-Njet456-Nb1-MHT2-HT12
FB-Njet3-Nb1-MHT3-HT3   SB-Njet456-Nb1-MHT2-HT3
FB-Njet3-Nb1-MHT4-HT1   X
FB-Njet3-Nb1-MHT4-HT2   SB-Njet456-Nb1-MHT3-HT23
FB-Njet3-Nb1-MHT4-HT3   SB-Njet456-Nb1-MHT3-HT23
FB-Njet3-Nb2-MHT1-HT1   SB-Njet456-Nb2-MHT1-HT1
FB-Njet3-Nb2-MHT1-HT2   SB-Njet456-Nb2-MHT1-HT2
FB-Njet3-Nb2-MHT1-HT3   SB-Njet456-Nb2-MHT1-HT3
FB-Njet3-Nb2-MHT2-HT1   SB-Njet456-Nb2-MHT1-HT1
FB-Njet3-Nb2-MHT2-HT2   SB-Njet456-Nb2-MHT1-HT2
FB-Njet3-Nb2-MHT2-HT3   SB-Njet456-Nb2-MHT1-HT3
FB-Njet3-Nb2-MHT3-HT1   SB-Njet456-Nb2-MHT2-HT12
FB-Njet3-Nb2-MHT3-HT2   SB-Njet456-Nb2-MHT2-HT12
FB-Njet3-Nb2-MHT3-HT3   SB-Njet456-Nb2-MHT2-HT3
FB-Njet3-Nb2-MHT4-HT1   X
FB-Njet3-Nb2-MHT4-HT2   SB-Njet456-Nb2-MHT3-HT23
FB-Njet3-Nb2-MHT4-HT3   SB-Njet456-Nb2-MHT3-HT23
FB-Njet3-Nb3-MHT1-HT1   SB-Njet456-Nb3+-MHT1-HT1
FB-Njet3-Nb3-MHT1-HT2   SB-Njet456-Nb3+-MHT1-HT2
FB-Njet3-Nb3-MHT1-HT3   SB-Njet456-Nb3+-MHT1-HT3
FB-Njet3-Nb3-MHT2-HT1   SB-Njet456-Nb3+-MHT1-HT1
FB-Njet3-Nb3-MHT2-HT2   SB-Njet456-Nb3+-MHT1-HT2
FB-Njet3-Nb3-MHT2-HT3   SB-Njet456-Nb3+-MHT1-HT3
FB-Njet3-Nb3-MHT3-HT1   SB-Njet456-Nb3+-MHT2-HT12
FB-Njet3-Nb3-MHT3-HT2   SB-Njet456-Nb3+-MHT2-HT12
FB-Njet3-Nb3-MHT3-HT3   SB-Njet456-Nb3+-MHT2-HT3
FB-Njet3-Nb3-MHT4-HT1   X
FB-Njet3-Nb3-MHT4-HT2   SB-Njet456-Nb3+-MHT3-HT23
FB-Njet3-Nb3-MHT4-HT3   SB-Njet456-Nb3+-MHT3-HT23
FB-Njet4-Nb0-MHT1-HT1   SB-Njet78-Nb0-MHT1-HT1
FB-Njet4-Nb0-MHT1-HT2   SB-Njet78-Nb0-MHT1-HT2
FB-Njet4-Nb0-MHT1-HT3   SB-Njet78-Nb0-MHT1-HT3
FB-Njet4-Nb0-MHT2-HT1   SB-Njet78-Nb0-MHT1-HT1
FB-Njet4-Nb0-MHT2-HT2   SB-Njet78-Nb0-MHT1-HT2
FB-Njet4-Nb0-MHT2-HT3   SB-Njet78-Nb0-MHT1-HT3
FB-Njet4-Nb0-MHT3-HT1   SB-Njet78-Nb0-MHT2-HT12
FB-Njet4-Nb0-MHT3-HT2   SB-Njet78-Nb0-MHT2-HT12
FB-Njet4-Nb0-MHT3-HT3   SB-Njet78-Nb0-MHT2-HT3
FB-Njet4-Nb0-MHT4-HT1   X
FB-Njet4-Nb0-MHT4-HT2   SB-Njet78-Nb0-MHT3-HT23
FB-Njet4-Nb0-MHT4-HT3   SB-Njet78-Nb0-MHT3-HT23
FB-Njet4-Nb1-MHT1-HT1   SB-Njet78-Nb1-MHT1-HT1
FB-Njet4-Nb1-MHT1-HT2   SB-Njet78-Nb1-MHT1-HT2
FB-Njet4-Nb1-MHT1-HT3   SB-Njet78-Nb1-MHT1-HT3
FB-Njet4-Nb1-MHT2-HT1   SB-Njet78-Nb1-MHT1-HT1
FB-Njet4-Nb1-MHT2-HT2   SB-Njet78-Nb1-MHT1-HT2
FB-Njet4-Nb1-MHT2-HT3   SB-Njet78-Nb1-MHT1-HT3
FB-Njet4-Nb1-MHT3-HT1   SB-Njet78-Nb1-MHT2-HT12
FB-Njet4-Nb1-MHT3-HT2   SB-Njet78-Nb1-MHT2-HT12
FB-Njet4-Nb1-MHT3-HT3   SB-Njet78-Nb1-MHT2-HT3
FB-Njet4-Nb1-MHT4-HT1   X
FB-Njet4-Nb1-MHT4-HT2   SB-Njet78-Nb1-MHT3-HT23
FB-Njet4-Nb1-MHT4-HT3   SB-Njet78-Nb1-MHT3-HT23
FB-Njet4-Nb2-MHT1-HT1   SB-Njet78-Nb2-MHT1-HT1
FB-Njet4-Nb2-MHT1-HT2   SB-Njet78-Nb2-MHT1-HT2
FB-Njet4-Nb2-MHT1-HT3   SB-Njet78-Nb2-MHT1-HT3
FB-Njet4-Nb2-MHT2-HT1   SB-Njet78-Nb2-MHT1-HT1
FB-Njet4-Nb2-MHT2-HT2   SB-Njet78-Nb2-MHT1-HT2
FB-Njet4-Nb2-MHT2-HT3   SB-Njet78-Nb2-MHT1-HT3
FB-Njet4-Nb2-MHT3-HT1   SB-Njet78-Nb2-MHT2-HT12
FB-Njet4-Nb2-MHT3-HT2   SB-Njet78-Nb2-MHT2-HT12
FB-Njet4-Nb2-MHT3-HT3   SB-Njet78-Nb2-MHT2-HT3
FB-Njet4-Nb2-MHT4-HT1   X
FB-Njet4-Nb2-MHT4-HT2   SB-Njet78-Nb2-MHT3-HT23
FB-Njet4-Nb2-MHT4-HT3   SB-Njet78-Nb2-MHT3-HT23
FB-Njet4-Nb3-MHT1-HT1   SB-Njet78-Nb3+-MHT1-HT1
FB-Njet4-Nb3-MHT1-HT2   SB-Njet78-Nb3+-MHT1-HT2
FB-Njet4-Nb3-MHT1-HT3   SB-Njet78-Nb3+-MHT1-HT3
FB-Njet4-Nb3-MHT2-HT1   SB-Njet78-Nb3+-MHT1-HT1
FB-Njet4-Nb3-MHT2-HT2   SB-Njet78-Nb3+-MHT1-HT2
FB-Njet4-Nb3-MHT2-HT3   SB-Njet78-Nb3+-MHT1-HT3
FB-Njet4-Nb3-MHT3-HT1   SB-Njet78-Nb3+-MHT2-HT12
FB-Njet4-Nb3-MHT3-HT2   SB-Njet78-Nb3+-MHT2-HT12
FB-Njet4-Nb3-MHT3-HT3   SB-Njet78-Nb3+-MHT2-HT3
FB-Njet4-Nb3-MHT4-HT1   X
FB-Njet4-Nb3-MHT4-HT2   SB-Njet78-Nb3+-MHT3-HT23
FB-Njet4-Nb3-MHT4-HT3   SB-Njet78-Nb3+-MHT3-HT23
FB-Njet5-Nb0-MHT1-HT1   SB-Njet9+-Nb0-MHT1-HT1
FB-Njet5-Nb0-MHT1-HT2   SB-Njet9+-Nb0-MHT1-HT2
FB-Njet5-Nb0-MHT1-HT3   SB-Njet9+-Nb0-MHT1-HT3
FB-Njet5-Nb0-MHT2-HT1   SB-Njet9+-Nb0-MHT1-HT1
FB-Njet5-Nb0-MHT2-HT2   SB-Njet9+-Nb0-MHT1-HT2
FB-Njet5-Nb0-MHT2-HT3   SB-Njet9+-Nb0-MHT1-HT3
FB-Njet5-Nb0-MHT3-HT1   SB-Njet9+-Nb0-MHT2-HT12
FB-Njet5-Nb0-MHT3-HT2   SB-Njet9+-Nb0-MHT2-HT12
FB-Njet5-Nb0-MHT3-HT3   SB-Njet9+-Nb0-MHT2-HT3
FB-Njet5-Nb0-MHT4-HT1   X
FB-Njet5-Nb0-MHT4-HT2   SB-Njet9+-Nb0-MHT3-HT23
FB-Njet5-Nb0-MHT4-HT3   SB-Njet9+-Nb0-MHT3-HT23
FB-Njet5-Nb1-MHT1-HT1   SB-Njet9+-Nb1-MHT1-HT1
FB-Njet5-Nb1-MHT1-HT2   SB-Njet9+-Nb1-MHT1-HT2
FB-Njet5-Nb1-MHT1-HT3   SB-Njet9+-Nb1-MHT1-HT3
FB-Njet5-Nb1-MHT2-HT1   SB-Njet9+-Nb1-MHT1-HT1
FB-Njet5-Nb1-MHT2-HT2   SB-Njet9+-Nb1-MHT1-HT2
FB-Njet5-Nb1-MHT2-HT3   SB-Njet9+-Nb1-MHT1-HT3
FB-Njet5-Nb1-MHT3-HT1   SB-Njet9+-Nb1-MHT2-HT12
FB-Njet5-Nb1-MHT3-HT2   SB-Njet9+-Nb1-MHT2-HT12
FB-Njet5-Nb1-MHT3-HT3   SB-Njet9+-Nb1-MHT2-HT3
FB-Njet5-Nb1-MHT4-HT1   X
FB-Njet5-Nb1-MHT4-HT2   SB-Njet9+-Nb1-MHT3-HT23
FB-Njet5-Nb1-MHT4-HT3   SB-Njet9+-Nb1-MHT3-HT23
FB-Njet5-Nb2-MHT1-HT1   SB-Njet9+-Nb2-MHT1-HT1
FB-Njet5-Nb2-MHT1-HT2   SB-Njet9+-Nb2-MHT1-HT2
FB-Njet5-Nb2-MHT1-HT3   SB-Njet9+-Nb2-MHT1-HT3
FB-Njet5-Nb2-MHT2-HT1   SB-Njet9+-Nb2-MHT1-HT1
FB-Njet5-Nb2-MHT2-HT2   SB-Njet9+-Nb2-MHT1-HT2
FB-Njet5-Nb2-MHT2-HT3   SB-Njet9+-Nb2-MHT1-HT3
FB-Njet5-Nb2-MHT3-HT1   SB-Njet9+-Nb2-MHT2-HT12
FB-Njet5-Nb2-MHT3-HT2   SB-Njet9+-Nb2-MHT2-HT12
FB-Njet5-Nb2-MHT3-HT3   SB-Njet9+-Nb2-MHT2-HT3
FB-Njet5-Nb2-MHT4-HT1   X
FB-Njet5-Nb2-MHT4-HT2   SB-Njet9+-Nb2-MHT3-HT23
FB-Njet5-Nb2-MHT4-HT3   SB-Njet9+-Nb2-MHT3-HT23
FB-Njet5-Nb3-MHT1-HT1   SB-Njet9+-Nb3+-MHT1-HT1
FB-Njet5-Nb3-MHT1-HT2   SB-Njet9+-Nb3+-MHT1-HT2
FB-Njet5-Nb3-MHT1-HT3   SB-Njet9+-Nb3+-MHT1-HT3
FB-Njet5-Nb3-MHT2-HT1   SB-Njet9+-Nb3+-MHT1-HT1
FB-Njet5-Nb3-MHT2-HT2   SB-Njet9+-Nb3+-MHT1-HT2
FB-Njet5-Nb3-MHT2-HT3   SB-Njet9+-Nb3+-MHT1-HT3
FB-Njet5-Nb3-MHT3-HT1   SB-Njet9+-Nb3+-MHT2-HT12
FB-Njet5-Nb3-MHT3-HT2   SB-Njet9+-Nb3+-MHT2-HT12
FB-Njet5-Nb3-MHT3-HT3   SB-Njet9+-Nb3+-MHT2-HT3
FB-Njet5-Nb3-MHT4-HT1   X
FB-Njet5-Nb3-MHT4-HT2   SB-Njet9+-Nb3+-MHT3-HT23
FB-Njet5-Nb3-MHT4-HT3   SB-Njet9+-Nb3+-MHT3-HT23
N-QCD-Kht-pars    3
QCD-Kht1     0.062   0.010
QCD-Kht2     0.048   0.008
QCD-Kht3     0.036   0.004
N-QCD-Kmht-pars    4
QCD-Kmht1     1.000   0.000
QCD-Kmht2     0.472   0.080
QCD-Kmht3     0.328   0.160
QCD-Kmht4     0.308   0.300
N-QCD-Knjet-pars    5
QCD-Knjet1     1.000   0.000
QCD-Knjet2     1.450   0.150
QCD-Knjet3     1.450   0.150
QCD-Knjet4     2.110   0.300
QCD-Knjet5     4.000   2.000
N-QCD-Knb-pars    1
QCD-Knb1     1.000   0.000
FB-Njet1-QCD-Njet-par-ind    1
FB-Njet2-QCD-Njet-par-ind    2
FB-Njet3-QCD-Njet-par-ind    3
FB-Njet4-QCD-Njet-par-ind    4
FB-Njet5-QCD-Njet-par-ind    5
FB-Nb0-QCD-Nb-par-ind    1
FB-Nb1-QCD-Nb-par-ind    1
FB-Nb2-QCD-Nb-par-ind    1
FB-Nb3-QCD-Nb-par-ind    1
FB-MHT1-QCD-MHT-par-ind    1
FB-MHT2-QCD-MHT-par-ind    2
FB-MHT3-QCD-MHT-par-ind    3
FB-MHT4-QCD-MHT-par-ind    4
FB-HT1-QCD-HT-par-ind    1
FB-HT2-QCD-HT-par-ind    2
FB-HT3-QCD-HT-par-ind    3
